LES-1
1 01002U 65008C   23300.78372752  .00000028  00000-0  25878-2 0  9993
2 01002  32.1388 166.9649 0013925  28.6559 331.4702  9.88354054120870
LES-5
1  2866U 67066E   23301.19774163 -.00000078  00000-0  00000+0 0  9999
2  2866   0.7883 171.8804 0055005 116.9061 126.6254  1.09425523120491
PROSPERO
1 05580U 71093A   23300.77600211  .00002392  00000-0  52578-3 0  9996
2 05580  82.0425  53.4979 0520891 100.6398 265.3850 13.96869757613774
AO-07
1 07530U 74089B   23300.89491837 -.00000029  00000-0  10854-3 0  9993
2 07530 101.9624 288.5312 0012156 168.6106 257.3875 12.53668509239806
RS-1
1 11085U 78100B   23300.93081884  .00000003  00000-0 -70385-4 0  9991
2 11085  82.5497 231.1602 0013849 100.2495 329.2575 11.96556900965615
RS-2
1 11086U 78100C   23300.31355036 -.00000002  00000-0 -14459-3 0  9996
2 11086  82.5512 229.5349 0013274  93.1404  27.5062 11.96740292965602
RS-3
1 12997U 81120A   23300.89603323  .00000005  00000-0 -54025-4 0  9998
2 12997  82.9574  78.7138 0059157 123.0023 354.6440 12.15844295857633
RS-8
1 12998U 81120B   23300.94874184 -.00000039  00000-0 -57413-3 0  9991
2 12998  82.9535 282.4485 0018119 295.3056 118.4123 12.03174443838329
RS-5
1 12999U 81120C   23301.17136966  .00000022  00000-0  14622-3 0  9992
2 12999  82.9593 248.9444 0015174 126.4950 246.6191 12.05290018841806
RS-4
1 13000U 81120D   23300.55767166  .00000068  00000-0  66991-3 0  9995
2 13000  82.9629 225.7359 0018990 359.1288 174.6702 12.06893319844193
RS-7
1 13001U 81120E   23300.65958044  .00000132  00000-0  13621-2 0  9997
2 13001  82.9630 190.5516 0022908 199.7116 187.5016 12.08923200847012
RS-6
1 13002U 81120F   23300.72219199 -.00000008  00000-0 -18364-3 0  9991
2 13002  82.9543 112.0345 0051279 258.7270 112.2334 12.13820219854574
AO-10
1 14129U 83058B   23300.33356924 -.00000315  00000-0  00000-0 0  9994
2 14129  27.4402  16.0095 6036512 215.6458  82.5936  2.05872723275646
UO-11
1 14781U 84021B   23301.18888336  .00002334  00000-0  27623-3 0  9995
2 14781  97.6749 273.1286 0009619 118.4583 241.7603 14.85489829134884
RS-10
1 18129U 87054A   23300.83771480  .00000080  00000-0  70211-4 0  9994
2 18129  82.9233 315.9724 0013122 109.8362  63.4710 13.73119118821321
LO-19
1 20442U 90005G   23300.87708219  .00000272  00000-0  11537-3 0  9997
2 20442  98.8610 280.3364 0012292 145.1895 215.0095 14.33351069764410
HUBBLE
1 20580U 90037B   23300.85223891  .00005882  00000-0  30027-3 0  9998
2 20580  28.4681 104.4774 0002907  25.1041 119.2974 15.14594696641581
RS-14
1 21087U 91006A   23300.93373836  .00000084  00000-0  71033-4 0  9994
2 21087  82.9394 119.2015 0036132  46.6851 118.9758 13.75371423643120
RS-12
1 21089U 91007A   23300.88379590  .00000067  00000-0  54416-4 0  9991
2 21089  82.9229 332.6526 0030547 111.2476  62.3855 13.74751200641866
TUBSAT-A
1 21577U 91050D   23300.46543647  .00000269  00000-0  99899-4 0  9999
2 21577  98.4995   7.7308 0005078 271.8674  88.1933 14.39813499694662
AO-27
1 22825U 93061C   23300.83943515  .00000186  00000-0  89006-4 0  9996
2 22825  98.8255 345.7712 0009156  46.3670 313.8269 14.30368097569254
IO-26
1 22826U 93061D   23300.38950524  .00000224  00000-0  10313-3 0  9992
2 22826  98.8203 345.1763 0009485  33.8734 326.3052 14.30736052569467
POSAT-1
1 22829U 93061G   23300.59650393  .00000177  00000-0  84223-4 0  9998
2 22829  98.8027 346.1210 0009348 343.4661  16.6216 14.31344748570178
RS-15
1 23439U 94085A   23300.85940630 -.00000059  00000-0 -46265-3 0  9992
2 23439  64.8186  61.1093 0158368 186.7126 173.1675 11.27575826187288
FO-29
1 24278U 96046B   23300.61891829  .00000024  00000-0  57644-4 0  9996
2 24278  98.5490 261.2290 0351183  73.5066 290.4351 13.53158441342840
NOAA-15
1 25338U 98030A   23301.01644526  .00000264  00000-0  12795-3 0  9997
2 25338  98.5954 327.7438 0009266 287.6653  72.3515 14.26419812324197
GO-32
1 25397U 98043D   23300.88844634  .00000161  00000-0  89905-4 0  9996
2 25397  98.8874 259.5953 0002358 100.9854 259.1590 14.23931955314219
ISS
1 25544U 98067A   23301.52764947  .00019202  00000-0  34666-3 0  9995
2 25544  51.6435  28.0714 0001006 114.0425 254.5243 15.49747991422472
OPAL
1 26063U 00004C   23300.87581544  .00000325  00000-0  12833-3 0  9991
2 26063 100.1899  43.0642 0035742 234.7474 125.0360 14.37127703244875
IMAGE
1 26113U 00017A   23300.76177166  .00000286  00000-0  57833-1 0  9993
2 26113  94.6499 299.7089 7344381  41.9215 355.3397  1.68651216145250
AO-40
1 26609U 00072B   23295.79888799 -.00000332  00000-0  00000-0 0  9997
2 26609   6.1683 158.3357 7917349 212.0230  55.8389  1.25587764105347
NO-44
1 26931U 01043C   23300.92854602  .00000287  00000-0  14044-3 0  9996
2 26931  67.0507 214.0506 0006539 256.6461 103.3911 14.31024149152576
SO-50
1 27607U 02058C   23300.75811293  .00001626  00000-0  23992-3 0  9994
2 27607  64.5544 218.3592 0054220 195.6842 164.2585 14.77820970121819
DTUSAT-1
1 27842U 03031C   23300.95938726  .00000416  00000-0  20494-3 0  9990
2 27842  98.6893 305.5039 0010464  77.4384 282.7964 14.22819539 54798
CO-55
1 27844U 03031E   23301.01580085  .00000510  00000-0  24616-3 0  9996
2 27844  98.6803 306.3546 0010894  99.8847 260.3561 14.22933190 54652
CO-57
1 27848U 03031J   23301.00313054  .00000433  00000-0  21379-3 0  9996
2 27848  98.6838 306.7038 0010742 113.9290 246.3014 14.22422760 54435
RS-22
1 27939U 03042A   23300.99485462  .00001789  00000-0  31427-3 0  9999
2 27939  98.2621  89.1430 0013451  78.4572  35.6592 14.68885623 74037
RS-23
1 28523U 05002C   23300.58870951  .00000195  00000-0  15044-3 0  9990
2 28523  82.9513  54.4051 0037431 204.4914 155.4472 13.87715837950283
VO-52
1 28650U 05017B   23300.70294772  .00006430  00000-0  59567-3 0  9998
2 28650  97.9647 277.7649 0021760  20.3395 339.8687 14.94669490  2081
NOAA-18
1 28654U 05018A   23301.04961545  .00000300  00000-0  18457-3 0  9993
2 28654  98.8991  14.7314 0014202   8.1376 352.0024 14.13039703950332
CO-58
1 28895U 05043F   23300.89901906  .00002445  00000-0  45139-3 0  9994
2 28895  98.1723  72.1329 0016354  17.9863 342.1916 14.66282672960253
RS-25
1 28898U 05043G   23300.90777189  .00001076  00000-0  22533-3 0  9995
2 28898  98.2263  65.0488 0020365 111.2144 249.1235 14.61641809582391
LAPAN-TUBSAT
1 29709U 07001A   23301.00222546  .00001029  00000-0  13203-3 0  9999
2 29709  98.0381 269.1646 0014109  80.0044 280.2761 14.83391308908242
CO-65
1 32785U 08021C   23300.84360320  .00006539  00000-0  62384-3 0  9999
2 32785  97.7232 264.1794 0012779  31.5349 328.6634 14.93598565840684
CAPE-1
1 31130U 07012P   23300.34932294  .00001799  00000-0  37216-3 0  9990
2 31130  98.3211 244.5045 0091738 191.9355 167.9671 14.58957832877493
AAUSAT2
1 32788U 08021F   23300.88851251  .00017682  00000-0  11685-2 0  9992
2 32788  97.5745 277.7398 0004554 258.2601 101.8116 15.07448063843070
DO-64
1 32789U 08021G   23301.04628230  .00486570  00000-0  30949-2 0  9991
2 32789  97.2791 323.9630 0002701 100.3359 259.8210 15.75084377848052
CO-66
1 32791U 08021J   23300.36619703  .00010897  00000-0  90782-3 0  9990
2 32791  97.6713 269.1050 0010993 337.2022  22.8711 14.98761066841441
RS-30
1 32953U 08025A   23300.99886544  .00000012  00000-0  16586-4 0  9991
2 32953  82.5040 234.4777 0018208 255.5298 104.3762 12.43131133700150
PRISM
1 33493U 09002B   23301.02665847  .00015294  00000-0  94451-3 0  9997
2 33493  98.2381 325.1398 0013805 325.3734  34.6593 15.09917872803774
STARS-1
1 33498U 09002G   23300.30142294  .00005076  00000-0  63012-3 0  9994
2 33498  98.1241 205.2848 0011867  86.0444 274.2126 14.83025836794983
KKS-1
1 33499U 09002H   23300.94754977  .00002189  00000-0  31373-3 0  9999
2 33499  98.1551 194.8738 0009157 152.4283 207.7415 14.77572543793668
NOAA-19
1 33591U 09005A   23301.04016039  .00000275  00000-0  17231-3 0  9998
2 33591  99.0838 348.9948 0013221 226.2970 133.7107 14.12851306758702
RS-28
1 35868U 09049D   23300.63688876  .00000317  00000-0  15906-3 0  9997
2 35868  98.5807 262.4573 0003934 175.0612 185.0606 14.23315358732574
RS-38
1 35869U 09049E   23300.63976081  .00000166  00000-0  93234-4 0  9999
2 35869  98.5993 261.2614 0003865 201.8144 158.2870 14.22688318732398
SWISSCUBE
1 35932U 09051B   23300.92453213  .00001603  00000-0  35838-3 0  9994
2 35932  98.4989 174.3176 0006897 327.2006  32.8763 14.58126796748591
BEESAT
1 35933U 09051C   23300.21055000  .00001461  00000-0  32862-3 0  9995
2 35933  98.4917 174.7770 0005464 345.6380  14.4662 14.57982636748603
ITUPSAT-1
1 35935U 09051E   23300.61261201  .00001226  00000-0  28326-3 0  9992
2 35935  98.5015 175.0815 0007768 346.0997  13.9986 14.57004282748242
HO-68
1 36122U 09072B   23300.86178018 -.00000020  00000-0  61428-4 0  9997
2 36122 100.2582 260.6471 0006862 280.1722  79.8618 13.16389553666252
TISAT-1
1 36799U 10035E   23300.22067540  .00009446  00000-0  80364-3 0  9994
2 36799  98.1160 175.0203 0008399 257.8417 102.1863 14.98026986722186
OOREOS
1 37224U 10062C   23300.48012160 +.00003966 +00000+0 +46494-3 0    14
2 37224  71.9710  90.2864 0014597  96.2497 354.8097 14.85486222537156
JUGNU
1 37839U 11058B   23300.68743029  .00000607  00000-0  17942-3 0  9991
2 37839  19.9621  38.9766 0018646 240.5867 271.6479 14.13041972622543
SRMSAT
1 37841U 11058D   23300.88799600  .00000525  00000-0  14311-3 0  9998
2 37841  19.9708 127.6599 0011876  50.2507 338.5407 14.10970484621579
RAX-2
1 37853U 11061D   23301.02663370  .00033229  00000-0  10236-2 0  9994
2 37853 101.7074 318.5417 0109883  26.8504 333.8349 15.27779129656584
AUBIESAT-1
1 37854U 11061E   23300.55643242  .00045010  00000-0  10690-2 0  9993
2 37854 101.6905 341.6524 0089306 331.1677  28.4632 15.37428798657210
E1P_M-CUBED
1 37855U 11061F   23300.91454216  .00043331  00000-0  10672-2 0  9999
2 37855 101.7040 338.4845 0099988 351.3306   8.6191 15.35378296656867
HORYU-2
1 38340U 12025D   23300.52672391  .00004203  00000-0  56836-3 0  9991
2 38340  98.1693  31.2543 0011664  74.4089 285.8408 14.79526162605654
RS-40
1 38735U 12041C   23300.76355763  .00000043  00000-0  24240-3 0  9996
2 38735  82.4735 315.4297 0017501  11.8759 348.2730 12.42597363510187
AENEAS
1 38760U          23265.85685185  .00000000  00000-0  15764-2 0    06
2 38760  64.6448 191.4103 0027263 114.7582 355.9422 15.68528680    04
CP5
1 38763U 12048F   23300.40630283 +.00014321 +00000+0 +83502-3 0    11
2 38763  64.6595 304.6991 0095483 104.1665 257.0086 15.08370214541467
METOP-B
1 38771U 12049A   23301.05945399  .00000239  00000-0  12898-3 0  9990
2 38771  98.6627 358.1100 0001022  85.1546 336.0815 14.21495708576429
AAUSAT3
1 39087U 13009B   23301.00030702  .00001054  00000-0  36916-3 0  9999
2 39087  98.3751 132.6400 0011291 217.7183 142.3213 14.37078821559007
STRAND-1
1 39090U 13009E   23300.77064674  .00000524  00000-0  19584-3 0  9994
2 39090  98.3835 130.4956 0008038 224.5360 135.5181 14.35745422558748
RS-43
1 39133U 13015D   23301.02587691  .00005573  00000-0  35040-3 0  9991
2 39133  64.8705 127.8773 0019602 225.8179 134.1333 15.10063406578125
BEESAT-3
1 39135U 13015F   23300.93617249  .00166306  00000-0  17206-2 0  9990
2 39135  64.8488 246.2000 0011013 258.6433 101.3479 15.63886738582951
BEESAT-2
1 39136U 13015G   23300.92386266  .00113160  00000-0  15746-2 0  9999
2 39136  64.8608 261.1028 0021558 265.0724  94.7960 15.56100720582202
TURKSAT-3U
1 39152U 13018C   23300.88432196  .00004158  00000-0  49441-3 0  9995
2 39152  97.8456  25.1455 0016373  50.6014 309.6648 14.84842448567561
CUBEBUG-1
1 39153U 13018D   23300.98702663  .00004532  00000-0  53728-3 0  9995
2 39153  98.0528  58.3305 0016387  74.5431 285.7591 14.84940616567578
ESTCUBE-1
1 39161U 13021C   23301.01414981  .00002678  00000-0  40563-3 0  9998
2 39161  97.8596   9.4719 0007852 261.0646  98.9674 14.74957375562742
CUSAT
1 39266U 13055B   23300.86343585  .00048414  00000-0  99719-3 0  9999
2 39266  80.9715  59.2063 0490979 149.8000 213.2513 14.71758614526715
DANDE
1 39267U 13055C   23300.93698459  .00017106  00000-0  43845-3 0  9994
2 39267  81.0016 145.8557 0611548 359.5092   0.5414 14.41915317519542
ESHAIL-1
1 39233U 13044A   23300.74461081  .00000140  00000-0  00000-0 0  9996
2 39233   0.0567  13.4783 0002130 199.1330 116.7860  1.00269351 36968
ZACUBE-1
1 39417U 13066B   23300.45494262  .00005134  00000-0  57544-3 0  9995
2 39417  97.7027 257.6935 0052437 210.4224 149.3947 14.86260720536839
UNISAT-5
1 39421U 13066F   23300.69491077  .00005052  00000-0  49817-3 0  9990
2 39421  97.5530 276.0296 0030676  88.9643 271.5091 14.92076048538352
TRITON-1
1 39427U 13066M   23301.04714973  .00003507  00000-0  51834-3 0  9994
2 39427  97.8361 221.9643 0107958 111.2077 250.0704 14.71911397532086
DELFI-N3XT
1 39428U 13066N   23300.74317691  .00006061  00000-0  84109-3 0  9996
2 39428  97.8332 220.9943 0109117 122.2909 238.8927 14.74194382531655
GOMX-1
1 39430U 13066Q   23300.94945296  .00003572  00000-0  61695-3 0  9998
2 39430  97.7593 184.2734 0142215 273.2599  85.2343 14.62581002528933
HUMSAT-D
1 39433U 13066T   23300.93058324  .00013308  00000-0  10118-2 0  9998
2 39433  97.4801 294.4789 0022294   3.0093 357.1263 15.02058548539664
VELOX-P2
1 39438U 13066Y   23300.36269211  .00004929  00000-0  60548-3 0  9991
2 39438  97.7575 249.4321 0063521 276.8433  82.5556 14.82067624534513
FIRSTMOVE
1 39439U 13066Z   23300.64031032  .00011664  00000-0  11095-2 0  9997
2 39439  97.6955 262.7561 0052601 194.8781 165.0894 14.92538613535965
CUBEBUG-2
1 39440U 13066AA  23300.35115871  .00006972  00000-0  87447-3 0  9992
2 39440  97.7857 244.9547 0072478 318.3359  41.2346 14.80627040533700
FUNCUBE-1
1 39444U 13066AE  23300.45641015  .00006259  00000-0  66704-3 0  9992
2 39444  97.6888 260.3816 0050846 193.8093 166.1736 14.88271306535300
UWE-3
1 39446U 13066AG  23300.44360541  .00005522  00000-0  65853-3 0  9991
2 39446  97.7506 251.1433 0061938 266.4044  93.0085 14.83306124534025
FIREBIRD-A
1 39463U 13072B   23300.86604536  .00332846  00000-0  31709-2 0  9992
2 39463 120.4231 308.2131 0069323 131.8868 228.8165 15.62346062226733
FIREBIRD-B
1 39464U 13072C   23300.35391516 +.00021889 +00000+0 +13200-2 0    19
2 39464 120.4789  11.0498 0219925  85.1155 277.4976 14.92811129530845
MCUBED-2
1 39469U 13072H   23299.33465267 +.00018175 +00000+0 +10928-2 0    12
2 39469 120.5075   8.5366 0218846  83.6595 278.9340 14.93199824530726
IPEX
1 39471U 13072K   23300.18320446 +.00015695 +00000+0 +10594-2 0    13
2 39471 120.4880 320.2214 0238503  70.0900 292.5688 14.86610828532284
RS-41
1 39492U 13078C   23301.00849893  .00002422  00000-0  24671-3 0  9999
2 39492  82.4145 119.9701 0017513 254.6596 105.2687 14.90234799533823
RS-46
1 39497U 13076E   23301.17187972  .00000009  00000-0 -87518-5 0  9994
2 39497  82.4887  48.9166 0013348  36.1178 324.0801 12.43470605446329
RS-47
1 39765U 14028E   23301.03829035  .00000019  00000-0  20400-4 0  9994
2 39765  82.4524 182.3213 0232368 102.7728 259.9451 12.82863960441748
SPROUT
1 39770U 14029E   23300.89459252  .00039357  00000-0  24166-2 0  9992
2 39770  98.0002  72.8457 0006192 235.0006 125.0642 15.09960512512123
UNISAT-6
1 40012U 14033C   23300.82473294  .00003303  00000-0  45693-3 0  9994
2 40012  97.6819 108.5071 0054517 346.5759  13.3998 14.77678440503359
BUGSAT-1
1 40014U 14033E   23300.89637440  .00006337  00000-0  49640-3 0  9994
2 40014  98.1467 325.9181 0034468 189.8521 170.2030 15.00915556510617
AURORA
1 40017U 14033H   23300.99298988  .00005895  00000-0  47993-3 0  9995
2 40017  98.1528 308.1597 0018236 205.7339 154.2978 14.99809407509998
PACE
1 40022U 14033N   23300.59498546  .00006113  00000-0  57626-3 0  9997
2 40022  98.0100 248.5397 0010711 216.0042 144.0456 14.94138397508311
DUCHIFAT-1
1 40021U 14033M   23300.85103351  .00012000  00000-0  95399-3 0  9993
2 40021  98.0705 269.3898 0011863 162.1185 198.0458 15.00545181509061
NCBR1
1 40024U 14033Q   23300.88026375  .00009644  00000-0  81940-3 0  9996
2 40024  98.0434 259.6138 0009222 191.4928 168.6084 14.98063285508780
QB50P1
1 40025U 14033R   23300.82448942  .00008124  00000-0  73678-3 0  9990
2 40025  98.0119 250.1746 0009573 203.8543 156.2234 14.95565276507954
POPSATHIP-1
1 40028U 14033U   23300.99725728  .00007196  00000-0  66216-3 0  9999
2 40028  98.0224 251.9427 0011120 209.2803 150.7795 14.95023688508418
DTUSAT-2
1 40030U 14033W   23300.58110393  .00007073  00000-0  65770-3 0  9991
2 40030  97.9782 243.0054 0009526 203.1338 156.9454 14.94626025508276
QB50P2
1 40032U 14033Y   23300.28812459  .00007024  00000-0  65286-3 0  9990
2 40032  97.9783 242.7241 0009225 205.6013 154.4751 14.94649269507699
ANTELSAT
1 40034U 14033AA  23300.94045599  .00003981  00000-0  54123-3 0  9994
2 40034  97.6786 110.0367 0054339 343.0486  16.8908 14.78313732502868
PERSEUS-M2
1 40037U 14033AD  23300.61891998  .00002846  00000-0  30780-3 0  9995
2 40037  97.9106 226.0585 0012094 242.0959 117.9033 14.89045519507050
PERSEUS-M1
1 40039U 14033AF  23300.73658244  .00003038  00000-0  33071-3 0  9995
2 40039  97.8944 222.8582 0011943 241.1596 118.8422 14.88737000506931
POLYITAN
1 40042U 14033AJ  23300.86671329  .00009789  00000-0  85587-3 0  9990
2 40042  98.0218 252.5213 0011722 197.2527 162.8297 14.96922827507878
TIGRISAT
1 40043U 14033AK  23300.91582643  .00002546  00000-0  35712-3 0  9996
2 40043  97.6738 109.3743 0056706 343.8560  16.0842 14.77208679503003
AISAT
1 40054U 14034B   23300.80297302  .00006999  00000-0  82609-3 0  9995
2 40054  98.3576 139.3374 0010971 152.1054 208.0749 14.85001406503130
CANX-4
1 40055U 14034C   23301.02798284  .00001670  00000-0  24461-3 0  9999
2 40055  98.3934 121.2316 0012837 211.4800 148.5642 14.77012319502153
CANX-5
1 40056U 14034D   23301.03437843  .00001902  00000-0  27732-3 0  9994
2 40056  98.3954 121.2316 0012998 210.9807 149.0636 14.77019120502151
VELOX-1
1 40057U 14034E   23301.03368522  .00005640  00000-0  69785-3 0  9999
2 40057  98.3619 140.1558 0009571 168.5515 191.5917 14.83150899503112
METEOR-M2
1 40069U 14037A   23301.01738700  .00000161  00000-0  93602-4 0  9991
2 40069  98.4287 300.8530 0005037 326.5362  33.5497 14.20832177482516
DX-1
1 40071U 14037C   23300.95507572  .00002356  00000-0  29316-3 0  9995
2 40071  98.3430 197.9457 0008611 147.8188 212.3552 14.83535811503047
UKUBE-1
1 40074U 14037F   23300.97336639  .00008046  00000-0  84288-3 0  9995
2 40074  98.3361 212.4821 0005659 105.4552 254.7289 14.89855215504019
HODOYOSHI-1
1 40299U 14070B   23300.99664966  .00018541  00000-0  50508-3 0  9999
2 40299  97.1783   0.3988 0010302 153.9312 206.2454 15.37480976499183
CHUBUSAT-1
1 40300U 14070C   23301.04469796  .00020623  00000-0  56352-3 0  9990
2 40300  97.1217 342.9312 0014376 173.5363 186.6071 15.37312298498730
TSUBAME
1 40302U 14070E   23300.99052779  .00025334  00000-0  73558-3 0  9995
2 40302  97.1216 308.4522 0023701 242.9407 116.9418 15.35194113497308
GRIFEX
1 40379U 15003D   23300.88132348  .00083029  00000-0  10754-2 0  9998
2 40379  99.0843 271.2053 0059800 164.9128 195.3923 15.56436270483906
EXOCUBE
1 40380U 15003E   23300.87175182  .00039588  00000-0  83683-3 0  9995
2 40380  99.0913 258.3595 0079367 208.5824 151.1055 15.41678552483092
DEORBITSAIL
1 40719U 15032E   23300.87522288  .00007002  00000-0  86541-3 0  9998
2 40719  97.7134 167.1000 0013831 177.7641 182.3638 14.83025232447475
XW-2C
1 40906U 15049H   23301.00714492  .00018769  00000-0  63564-3 0  9992
2 40906  97.4929 308.9432 0012652  60.4964 299.7537 15.30552678448689
XW-2D
1 40907U 15049J   23301.01757159  .00023723  00000-0  73289-3 0  9992
2 40907  97.4900 309.9248 0011374  54.4303 305.7998 15.33470231448805
LILACSAT-2
1 40908U 15049K   23301.01912119  .00008876  00000-0  39423-3 0  9996
2 40908  97.5282 303.8971 0015515  87.5434 272.7577 15.21670699447980
XW-2E
1 40909U 15049L   23301.03732320  .00063880  00000-0  11234-2 0  9998
2 40909  97.4436 318.0316 0006689  27.0296 333.1302 15.50245585449635
XW-2F
1 40910U 15049M   23301.03301416  .00062929  00000-0  11409-2 0  9995
2 40910  97.4533 317.2875 0007415  28.9340 331.2321 15.49376268449365
XW-2B
1 40911U 15049N   23300.97072111  .00023718  00000-0  73991-3 0  9993
2 40911  97.4878 310.2232 0011465  55.9576 304.2752 15.33159899448672
DCBB
1 40912U 15049P   23301.00039148  .00110782  00000-0  12930-2 0  9995
2 40912  97.4020 322.6950 0003200 330.3858  29.7217 15.61256191450196
LAPAN-A2
1 40931U 15052B   23300.74870477  .00001425  00000-0  10686-3 0  9998
2 40931   5.9992 220.1371 0012939  10.8165 349.2240 14.77436690436873
LQSAT
1 40958U 15057A   23301.02443427  .00000909  00000-0  14455-3 0  9999
2 40958  97.6908 328.3122 0018464 150.8628 209.3616 14.74172554433266
FOX-1A
1 40967U 15058D   23300.44631886 +.00003947 +00000+0 +41376-3 0    13
2 40967  64.7758 355.9511 0168634  22.3111 338.5220 14.81066563434039
BISONSAT
1 40968U 15058E   23300.42362340 +.00008906 +00000+0 +83229-3 0    11
2 40968  64.7725 337.1369 0156776  19.9475 340.7669 14.85760259434271
GALASSIA
1 41170U 15077E   23300.61293154  .00189415  00000-0  19722-2 0  9993
2 41170  14.9852 289.8872 0007081 201.1899 158.8135 15.62514976436611
CHUBUSAT-2
1 41338U 16012B   23300.76039465  .00005994  00000-0  40282-3 0  9993
2 41338  31.0017  89.4935 0012229  59.7264 300.4582 15.05264426422364
CHUBUSAT-3
1 41339U 16012C   23300.77240106  .00005326  00000-0  35979-3 0  9997
2 41339  31.0082  86.8441 0012194  66.3756 293.8160 15.05004016422264
HORYU-4
1 41340U 16012D   23300.68751856  .00011716  00000-0  69113-3 0  9995
2 41340  31.0045  49.7096 0011483 130.0524 230.1123 15.10274835422752
OUFTI-1
1 41458U 16025C   23300.58493501  .00079334  00000-0  13960-2 0  9996
2 41458  98.1604 159.6139 0074500 345.8466  14.0692 15.47077050413419
ESTAR-2
1 41459U 16025D   23300.84739652  .00059495  00000-0  12722-2 0  9997
2 41459  98.1654 156.4636 0086188 355.4427   4.6022 15.40665589413247
RS-48
1 41465U 16026B   23300.97129115  .00052729  00000-0  48820-3 0  9998
2 41465  96.9712 170.4990 0008315  91.9125 268.3089 15.67320899420697
NUSAT-1
1 41557U 16033B   23294.57261523  .13570584  25586-5  20126-3 0  9994
2 41557  97.3596  50.5245 0012741 279.5777  80.4087 16.47966609413529
NUSAT-2
1 41558U 16033C   23277.25834171  .16939764  26230-5  17999-3 0  9999
2 41558  97.4059  41.3631 0010829 262.8032  97.2042 16.50276834411181
LAPAN-A3
1 41603U 16040E   23301.05408472  .00003411  00000-0  14637-3 0  9997
2 41603  97.1583 320.4931 0011732 199.1183 160.9616 15.23302300407714
BIROS
1 41604U 16040F   23300.82433611  .00012692  00000-0  41422-3 0  9998
2 41604  97.1512 331.7471 0010634 155.5064 204.6685 15.31847696408382
3CAT-2
1 41732U 16051B   23300.78227031  .00160139  00000-0  10362-2 0  9992
2 41732  97.3913 238.3719 0001929 120.1828 239.9628 15.75593164402176
PRATHAM
1 41783U 16059A   23300.94985973  .00001033  00000-0  20320-3 0  9993
2 41783  97.8585 326.1106 0033785  42.1370 318.2422 14.64240529378400
PEGASUS-1
1 41784U 16059B   23300.91439812  .00001379  00000-0  26365-3 0  9995
2 41784  97.8585 328.4560 0031871  36.4489 323.8876 14.65069910378499
ALSAT-1N
1 41789U 16059G   23301.00796027  .00001251  00000-0  23663-3 0  9992
2 41789  97.8556 331.8299 0028094  22.2436 337.9980 14.65764888378721
CAS-2T
1 41847U 16066G   23300.89141153  .00002819  00000-0  42237-3 0  9994
2 41847  98.4913   8.7647 0358369 158.9373 202.7010 14.40226533365907
KAIDUN-1
1 41915U 17002C   23301.02859673  .00012879  00000-0  56575-3 0  9997
2 41915  97.2324 332.1836 0007480 355.1544   4.9619 15.22020765375331
PEASSS
1 42015U 17008BV  23300.65003596  .00270318  00000-0  14234-2 0  9997
2 42015  97.1829   6.3029 0003666 240.6597 119.4305 15.79949068373536
CAS-4A
1 42761U 17034D   23300.86143798  .00014338  00000-0  65449-3 0  9999
2 42761  43.0130  95.2103 0013125 249.2748 110.6694 15.20373705351808
CAS-4B
1 42759U 17034B   23300.91208007  .00015356  00000-0  70095-3 0  9991
2 42759  43.0136  96.4194 0012367 248.4029 111.5502 15.20340174351817
NIUSAT
1 42766U 17036B   23300.83284729  .00056034  00000-0  10178-2 0  9990
2 42766  97.1424 329.8477 0006753 354.1172   5.9999 15.49357259353077
AALTO-1
1 42775U 17036L   23300.83609162  .00033403  00000-0  78292-3 0  9999
2 42775  97.1391 327.4864 0007898   0.8809 359.2451 15.41982080352915
URSA-MAIOR
1 42776U 17036M   23300.81720150  .00041847  00000-0  87944-3 0  9994
2 42776  97.1399 329.2996 0007066 355.9222   4.1969 15.45191537353015
MAX-VALIER
1 42778U 17036P   23300.83747679  .00041363  00000-0  82002-3 0  9996
2 42778  97.1380 333.0962 0005674 356.2991   3.8216 15.46910236353177
PEGASUS
1 42784U 17036V   23301.00734595  .00127655  00000-0  12328-2 0  9998
2 42784  97.1279 338.0886 0002325 332.4874  27.6263 15.66054040353616
SUCHAI
1 42788U 17036Z   23278.90222119  .18188609  24489-5  22826-3 0  9990
2 42788  97.0954 322.8452 0011132 248.8258 111.1858 16.49176567350708
SKCUBE
1 42789U 17036AA  23300.83043924  .00515219  00000-0  17247-2 0  9994
2 42789  97.1142 341.8183 0002071 255.2862 104.8182 15.88944247353843
VENTA-1
1 42791U 17036AC  23301.05882448  .00129781  00000-0  12250-2 0  9998
2 42791  97.1272 339.4110 0001721 333.6959  26.4214 15.66620772353689
ROBUSTA-1B
1 42792U 17036AD  23289.73389548  .09781629  23598-5  10320-2 0  9994
2 42792  97.0969 333.1645 0009033 260.0160 100.0120 16.37602079352297
D-SAT
1 42794U 17036AF  23300.94257848  .00003917  00000-0  30261-3 0  9993
2 42794  97.4769 287.0255 0112263 214.2394 145.1556 14.97187335345781
TECHNOSAT
1 42829U 17042E   23301.00290425  .00004041  00000-0  37860-3 0  9996
2 42829  97.3816 130.5502 0014126 134.7971 225.4401 14.94488453342325
XINYUN
1 43012U 17072C   23300.88785109  .00000732  00000-0  15823-3 0  9995
2 43012  98.6316   1.6320 0125212 234.0503 124.9027 14.56920568316277
EAGLESAT
1 43016U 17073D   23300.10556266  .00015992  00000-0  10231-2 0  9996
2 43016  97.6108 181.3405 0216577 346.7263  12.8311 14.91288330320952
FOX-1B
1 43017U 17073E   23300.20270873  .00014507  00000-0  97452-3 0  9997
2 43017  97.6080 179.3549 0226246 353.0750   6.7355 14.88292784320802
INS-1C
1 43116U 18004F   23300.68530619  .00428718  00000-0  15949-2 0  9994
2 43116  97.3204  27.2475 0005102 289.7781  70.2940 15.86979058323074
ARKYD-6A
1 43130U 18004V   23300.20625227  .00107200  00000-0  13481-2 0  9997
2 43130  97.3226  20.8879 0008171 128.3422 231.8570 15.59274237322711
PICSAT
1 43132U 18004X   23274.90669177  .16535587  25409-5  24982-3 0  9992
2 43132  97.2902   3.7671 0010678 260.9850  99.0246 16.48076850319334
FOX-1D
1 43137U 18004AC  23300.48797151  .00100209  00000-0  11551-2 0  9998
2 43137  97.3146  22.2129 0003066   0.0169   0.1088 15.61618542322833
SIGMA
1 43143U 18004AJ  23300.53343575  .00455882  79892-4  15626-2 0  9994
2 43143  97.3066  32.6523 0004767 292.6662  67.4106 15.89648251323478
TY-2
1 43155U 18008A   23301.02151910  .00034409  00000-0  11023-2 0  9992
2 43155  97.2809 350.7685 0011081 190.3959 169.7056 15.32235588318947
ZHOU-ENLAI
1 43156U 18008B   23301.01869594  .00039051  00000-0  11970-2 0  9995
2 43156  97.2856 351.1443 0008745 189.8281 170.2792 15.33640418318881
TY-6
1 43158U 18008D   23301.04023182  .00026786  00000-0  96558-3 0  9992
2 43158  97.2888 347.3478 0009036 194.4406 165.6577 15.28478009318673
SNET-A
1 43186U 18014G   23300.97892271  .00005248  00000-0  40767-3 0  9995
2 43186  97.6069 202.1973 0015326  85.9863 274.3114 15.01652078313476
SNET-B
1 43187U 18014H   23300.98043010  .00005360  00000-0  41622-3 0  9992
2 43187  97.6083 202.1281 0015847  82.9380 277.3646 15.01651286313477
SNET-C
1 43188U 18014J   23300.71376887  .00005114  00000-0  39734-3 0  9993
2 43188  97.6087 201.9632 0015807  84.0417 276.2609 15.01651481313439
SNET-D
1 43189U 18014K   23300.98307490  .00005488  00000-0  42584-3 0  9998
2 43189  97.6108 202.1227 0016854  77.3341 282.9767 15.01655824312029
GOMX-4B
1 43196U 18015E   23300.92542212  .00030047  00000-0  69620-3 0  9993
2 43196  97.5921  96.3996 0012688  89.0182 271.2518 15.42302036319367
GOMX-4A
1 43197U 18015F   23300.99819513  .00033585  00000-0  67367-3 0  9998
2 43197  97.5906  99.3407 0011864  81.4019 278.8573 15.46556041319579
HA-1
1 43156U 18008B   23301.01869594  .00039051  00000-0  11970-2 0  9995
2 43156  97.2856 351.1443 0008745 189.8281 170.2792 15.33640418318881
LUOJIA1-01
1 43485U 18048B   23300.97458467  .00003094  00000-0  41917-3 0  9994
2 43485  97.8977  18.8010 0011317  36.1032 324.0941 14.79613014291369
CUBEBEL-1
1 43666U 18083E   23301.05611076  .00077922  00000-0  13311-2 0  9998
2 43666  97.3647 334.3634 0006413  14.0741 346.0688 15.51013290277693
TY-4
1 43669U 18083H   23301.04081104  .00050560  00000-0  11001-2 0  9996
2 43669  97.3665 328.0353 0005987  25.6740 334.4804 15.44129891277379
TEN-KOH
1 43677U 18084G   23300.87781778  .00004304  00000-0  40896-3 0  9990
2 43677  98.0323  83.4321 0015924  71.8965 288.3987 14.93944918271863
DIWATA-2
1 43678U 18084H   23300.96267085  .00002912  00000-0  27850-3 0  9999
2 43678  98.0422  87.8154 0010783  84.1203 276.1244 14.94008420272082
STARS-AO
1 43679U 18084J   23300.36944183  .00008337  00000-0  70274-3 0  9990
2 43679  98.0401  91.2823 0009313  86.1666 274.0620 14.98416883272214
ESHAIL-2
1 43700U 18090A   23300.74461038  .00000141  00000-0  00000-0 0  9999
2 43700   0.0136 200.9478 0001700  46.6455  82.1020  1.00273005 18015
REAKTOR
1 43743U 18096AA  23295.86021167  .15419510  25267-5  20216-3 0  9994
2 43743  97.2858  29.3911 0011730 268.5420  91.4540 16.48838571274250
MINXSS-2
1 43758U 18099A   23300.91586867  .00010036  00000-0  73233-3 0  9993
2 43758  97.5905   2.4045 0019327  37.2284 323.0278 15.03741093267673
K2SAT
1 43761U 18099D   23300.60157660  .00002527  00000-0  21634-3 0  9992
2 43761  97.5592 357.8287 0014847  43.4518 316.7872 14.98372412267391
AISTECHSAT-2
1 43768U 18099L   23300.41128831  .00005583  00000-0  45662-3 0  9998
2 43768  97.5508 356.1957 0009803  36.2027 323.9859 14.99694702267050
FOX-1C
1 43770U 18099N   23300.11949982  .00007899  00000-0  61115-3 0  9999
2 43770  97.5792 358.2578 0015214  71.9547 288.3334 15.01646914267391
RANGE-A
1 43772U 18099Q   23300.88511590  .00010431  00000-0  76047-3 0  9991
2 43772  97.5593   2.0645 0005686   4.5283 355.5993 15.03899795267591
RANGE-B
1 43773U 18099R   23300.90546639  .00005763  00000-0  47110-3 0  9998
2 43773  97.5478 356.5134 0013537  43.6125 316.6166 14.99668151267445
MOVE-II
1 43780U 18099Y   23300.92777464  .00017851  00000-0  11904-2 0  9992
2 43780  97.5571   2.3129 0008888  64.8412 295.3737 15.07084738267703
3CAT-1
1 43781U 18099Z   23300.89649255  .00009917  00000-0  72912-3 0  9996
2 43781  97.5569 358.8949 0008740  57.5842 302.6228 15.03574892267576
SNUSAT-2
1 43782U 18099AA  23300.90323490  .00006883  00000-0  53817-3 0  9991
2 43782  97.5548 359.3395 0017064   7.7568 352.3917 15.01267269267534
SNUGLITE
1 43784U 18099AC  23300.93200952  .00007707  00000-0  59314-3 0  9997
2 43784  97.5276 358.9532 0006512  33.1272 327.0359 15.01927909267581
ITASAT-1
1 43786U 18099AE  23300.89792080  .00006554  00000-0  51675-3 0  9993
2 43786  97.5539 359.8601 0020381  52.7512 307.5567 15.00916370267545
KAZSCISAT-1
1 43787U 18099AF  23300.60333658  .00013341  00000-0  91098-3 0  9990
2 43787  97.5411   0.0098 0008185  41.9160 318.2692 15.06275553267687
IRVINE02
1 43789U 18099AH  23300.40436982  .00013279  00000-0  93036-3 0  9998
2 43789  97.5549   2.2231 0018355  39.8951 320.3620 15.05207360267357
EAGLET-1
1 43790U 18099AJ  23300.92117948  .00005816  00000-0  46806-3 0  9996
2 43790  97.5620   0.2543 0016854  47.3761 312.8881 15.00228932267277
ESEO
1 43792U 18099AL  23300.89290760  .00002421  00000-0  20813-3 0  9997
2 43792  97.5529 358.2737 0013011  42.5188 317.7040 14.98262019267259
CSIM-FD
1 43793U 18099AM  23300.92328412  .00015543  00000-0  10281-2 0  9994
2 43793  97.5636   3.7997 0015363  39.1598 321.0738 15.07353201267558
ASTROCAST-0.1
1 43798U 18099AS  23300.61400697  .00011794  00000-0  82336-3 0  9996
2 43798  97.5699   2.6494 0011606  19.6852 340.4821 15.05453644267675
JY1SAT
1 43803U 18099AX  23300.11623643  .00008319  00000-0  62601-3 0  9998
2 43803  97.5573 359.3915 0011055  24.4123 335.7624 15.02729559267492
SUOMI100
1 43804U 18099AY  23300.14518739  .00006638  00000-0  50495-3 0  9991
2 43804  97.5641 359.2128 0018379  25.1637 335.0479 15.02311370267497
AL-FARABI-2
1 43805U 18099AZ  23300.91172877  .00011980  00000-0  85314-3 0  9990
2 43805  97.5470   1.1180 0012281  17.4309 342.7337 15.04698625267698
CHOMPTT
1 43855U 18104G   23300.36985553  .00064208  00000-0  11542-2 0  9996
2 43855  85.0238  75.6510 0009127 178.2570 181.8720 15.49569593270974
ISAT
1 43879U 18111D   23300.54625494  .00011354  00000-0  80885-3 0  9996
2 43879  97.6320 203.2376 0016305  75.6394 284.6641 15.04654520262207
UWE-4
1 43880U 18111E   23300.96542537  .00010144  00000-0  72977-3 0  9999
2 43880  97.6213 204.1582 0019879  82.4485 277.8998 15.04262968262317
SPARROW
1 43881U 18111F   23300.98558676  .00010525  00000-0  74272-3 0  9996
2 43881  97.6381 205.1913 0013128 110.4050 249.8587 15.05068845262349
ZACUBE-2
1 43907U 18111AH  23300.99762037  .00057895  00000-0  10006-2 0  9999
2 43907  97.1113 178.0786 0015271  88.0319 272.2682 15.50656812269655
LUME-1
1 43908U 18111AJ  23300.94576401  .00094228  00000-0  11148-2 0  9992
2 43908  97.1115 183.1596 0012608  76.7054 283.5609 15.60871295269980
NEXUS
1 43937U 19003F   23301.01516038  .00560903  12662-3  16657-2 0  9992
2 43937  97.0607 328.8438 0006991 144.4529 215.7213 15.92449678266827
KALAMSAT
1 43948U 19006B   23300.58761568  .00158466  00000-0  68628-3 0  9991
2 43948  98.7829 246.0924 0003680 107.6194 252.5474 15.84449810268307
ASTROCAST-0.2
1 44083U 19018F   23300.13038835  .00385905  00000-0  14800-2 0  9992
2 44083  97.2416   3.2233 0003693 220.7369 139.3626 15.86456277255017
AISTECHSAT-3
1 44103U 19018AB  23300.95644772  .00058608  00000-0  98786-3 0  9991
2 44103  97.2340 359.1822 0007501 143.8183 216.3578 15.51461404255016
AISAT-1
1 44104U 19018AC  23300.86007805  .00043103  00000-0  63428-3 0  9991
2 44104  97.3731  35.2528 0033871 131.7338 228.6822 15.54642606256279
PROX-1
1 44339U 19036A   23300.66236502  .00010639  00000-0  20541-2 0  9993
2 44339  24.0009 281.0916 0009132 284.9371  75.0111 14.61562894230989
METEOR-M2-2
1 44387U 19038A   23300.98969442  .00000078  00000-0  53881-4 0  9990
2 44387  98.7945 264.7320 0000311 322.2304  37.8853 14.23819283224200
VDNH-80
1 44392U 19038G   23300.92897860  .00041257  00000-0  11051-2 0  9999
2 44392  97.6824 287.2239 0012635 173.7529 186.3875 15.37816573238641
LIGHTSAT
1 44393U 19038H   23300.93017443  .00045305  00000-0  11625-2 0  9997
2 44393  97.6824 287.5018 0012558 171.2788 188.8677 15.39118982238866
AMGU-1
1 44394U 19038J   23301.01677288  .00046265  00000-0  10668-2 0  9999
2 44394  97.6791 288.3136 0011976 164.6754 195.4858 15.42363597238933
MOVE-IIB
1 44398U 19038N   23300.98047785  .00240777  00000-0  20791-2 0  9993
2 44398  97.6654 292.2571 0013116 138.0971 222.1296 15.68385602239244
SONATE
1 44400U 19038Q   23300.76877859  .00014584  00000-0  58848-3 0  9996
2 44400  97.6981 281.5497 0018096 202.0072 158.0390 15.24756043238418
TTU101
1 44401U 19038R   23300.95730855  .00061898  00000-0  13086-2 0  9996
2 44401  97.6791 288.3783 0013891 160.4722 199.7060 15.44845049238938
SOKRAT
1 44404U 19038U   23300.94004543  .00052078  00000-0  12264-2 0  9993
2 44404  97.6804 287.6394 0012394 169.1795 190.9720 15.41695989238882
LUCKY-7
1 44406U 19038W   23300.95018667  .00021693  00000-0  76925-3 0  9992
2 44406  97.6929 283.6462 0016453 190.6638 169.4255 15.28974353238579
EXOCONNECT
1 44410U 19038AA  23287.02854396  .19814371  28681-5  45805-3 0  9992
2 44410  97.6315 282.7498 0010239 198.8526 161.2398 16.45701002237413
SEAM-2
1 44411U 19038AB  23300.91561090  .00101989  00000-0  18894-2 0  9994
2 44411  97.6495 290.2523 0017008 165.9351 194.2376 15.48471846238817
BEESAT-9
1 44412U 19038AC  23300.91510913  .00046585  00000-0  12018-2 0  9995
2 44412  97.6837 286.7643 0012732 174.5216 185.6170 15.38944421238501
NARSSCUBE-2
1 44415U 19022E   23300.93018897  .00066518  00000-0  80459-3 0  9990
2 44415  51.6310 197.3687 0008843  99.3399 260.8594 15.60022454236949
JAISAT-1
1 44419U 19038F   23300.71314862  .00044731  00000-0  11499-2 0  9998
2 44419  97.6825 287.6759 0012469 171.1629 188.9837 15.39066382238857
TAURUS-1
1 44530U 19059C   23300.98252476  .00006409  00000-0  16094-2 0  9992
2 44530  98.5630  51.0064 0012507  50.4447 309.7850 14.51585200217894
DUCHIFAT-3
1 44854U 19089C   23300.61371024  .00013369  00000-0  83086-3 0  9994
2 44854  36.9621  18.3615 0007111 326.2377  33.7915 15.09049378212894
OPS-SAT
1 44878U 19092F   23301.03853339  .00035076  00000-0  80123-3 0  9993
2 44878  97.4660 132.1935 0007920  24.1282 336.0335 15.42748359214217
CAS-6
1 44881U 19093C   23300.97350059  .00001361  00000-0  17402-3 0  9991
2 44881  97.8522  17.1248 0014806  10.4891 349.6629 14.82911896208474
FLORIPASAT-1
1 44885U 19093G   23300.96622887  .00006089  00000-0  68282-3 0  9999
2 44885  97.8611  20.7055 0013324   9.6860 350.4610 14.87112553208673
RS-44
1 44909U 19096E   23300.89639240  .00000000  00000-0 -38572-4 0  9990
2 44909  82.5189 259.7493 0216348 236.5518 121.4733 12.79723634179130
BY70-2
1 45857U 20042B   23301.00947148  .00034359  00000-0  29406-2 0  9996
2 45857  97.9179  21.8968 0008471 283.8905  76.1374 14.97466393179368
GLOBAL-7
1 46088U 20055BP  23296.32829180  .12819821  12529-4  49117-3 0  9993
2 46088  52.9677 338.7113 0003755 323.9694  36.0195 16.44002016187505
GLOBAL-8
1 46089U 20055BQ  23300.85223241  .00067027  00000-0  83213-3 0  9996
2 46089  52.9893 346.3009 0005090 309.6978  50.3584 15.59397589187806
ION-MK01
1 46274U 20061C   23300.93360663  .00011654  00000-0  48058-3 0  9991
2 46274  97.3352   4.4307 0005254 172.2402 187.8918 15.24205919174389
UPMSAT-2
1 46276U 20061E   23300.91751969  .00014080  00000-0  54416-3 0  9995
2 46276  97.3327   5.8579 0001112 149.2124 210.9180 15.26345848174515
SIMBA
1 46279U 20061H   23300.91693134  .00034957  00000-0  11941-2 0  9997
2 46279  97.3883   6.9309 0001954 340.5771  19.5395 15.30216401173995
TRISAT
1 46280U 20061J   23300.92336596  .00030738  00000-0  11131-2 0  9990
2 46280  97.3786   6.0002 0002091 340.1439  19.9719 15.28335688173978
AMICALSAT
1 46287U 20061R   23300.62722398  .00020601  00000-0  84403-3 0  9994
2 46287  97.3856   4.8819 0001892  23.7390 336.3934 15.24310446173856
TTU100
1 46312U 20061AS  23300.97446113  .00035665  00000-0  11560-2 0  9998
2 46312  97.3907   9.4191 0001727 224.1637 135.9467 15.31909422174125
MEZNSAT
1 46489U 20068D   23300.83916533  .00018159  00000-0  93832-3 0  9995
2 46489  97.7811 253.6078 0015860  29.0804 331.1308 15.16234259169306
YARILO-1
1 46490U 20068E   23300.63972427  .00020481  00000-0  10251-2 0  9993
2 46490  97.7822 253.8992 0015512  30.6137 329.5998 15.17333724169302
YARILO-2
1 46491U 20068F   23300.87910550  .00019202  00000-0  97057-3 0  9998
2 46491  97.7835 253.9517 0015542  31.5252 328.6909 15.17002478169325
DEKART
1 46493U 20068H   23300.86784369  .00009304  00000-0  56714-3 0  9993
2 46493  97.7853 251.2664 0017556  38.4999 321.7478 15.10463357169125
NORBI
1 46494U 20068J   23300.85090665  .00010258  00000-0  60568-3 0  9994
2 46494  97.7849 251.5847 0016927  38.8029 321.4413 15.11598382169142
SALSAT
1 46495U 20068K   23300.59389438  .00007604  00000-0  47938-3 0  9992
2 46495  97.7852 250.2216 0016328  36.7681 323.4664 15.09316188169036
NETSAT-4
1 46504U 20068U   23300.37557958  .00010940  00000-0  68010-3 0  9994
2 46504  97.7762 247.6977 0013179  81.9400 278.3323 15.09755710168838
NETSAT-3
1 46505U 20068V   23300.36189292  .00010584  00000-0  66347-3 0  9991
2 46505  97.7732 247.4255 0012122  88.9615 271.3002 15.09469762168831
NETSAT-1
1 46506U 20068W   23300.37592799  .00008446  00000-0  53955-3 0  9998
2 46506  97.7755 247.2525 0010646  96.7323 263.5117 15.08859738168821
NETSAT-2
1 46507U 20068X   23300.37974206  .00010958  00000-0  68305-3 0  9992
2 46507  97.7750 247.4095 0010112 101.3831 258.8534 15.09685641168782
APSS-1
1 46932U 20085D   23300.90855097  .00112860  00000-0  13153-2 0  9993
2 46932  97.4894  91.1311 0004482  87.3125 272.8645 15.61282375163843
CAPE-3
1 47309U 21002A   23300.62580371  .00094126  00000-0  13482-2 0  9990
2 47309  60.6706 264.7276 0022770  22.4414 337.7679 15.55294088154772
FOX-1E
1 47311U 21002C   23301.00718739  .00061378  00000-0  11094-2 0  9997
2 47311  60.6762 264.6999 0020935  22.3744 337.8264 15.49045232154795
EXOCUBE-2
1 47319U 21002L   23301.02467517  .00057994  00000-0  10948-2 0  9998
2 47319  60.6737 267.5027 0021841  21.2297 338.9703 15.47802242154708
UVSQ-SAT
1 47438U 21006AB  23300.88879660  .00026506  00000-0  92121-3 0  9992
2 47438  97.3676 356.4007 0007957 341.2708  18.8239 15.29685533152897
YUSAT-1
1 47439U 21006AC  23300.63227916  .00036607  00000-0  11083-2 0  9997
2 47439  97.3686 357.5645 0007061 335.9095  24.1817 15.34060435152946
ASELSAT
1 47441U 21006AE  23300.97851678  .00045650  00000-0  12910-2 0  9993
2 47441  97.3578 357.6952 0006797 334.3786  25.7120 15.36159942153002
SOMP-2B
1 47445U 21006AJ  23300.88504560  .00024154  00000-0  86596-3 0  9990
2 47445  97.3643 355.4209 0008069 347.5306  12.5733 15.28687308152857
IDEASSAT
1 47458U 21006AX  23300.14710284  .00021568  00000-0  79912-3 0  9995
2 47458  97.3744 355.4885 0007591 350.9313   9.1788 15.27630713152712
CANYVAL-C1
1 47938U 21022G   23300.97771508  .00015854  00000-0  80417-3 0  9996
2 47938  97.4777 196.1804 0014757 230.7753 129.2171 15.16925308143195
CANYVAL-C2
1 47938U 21022G   23300.97771508  .00015854  00000-0  80417-3 0  9996
2 47938  97.4777 196.1804 0014757 230.7753 129.2171 15.16925308143195
WILDTRACKCUBE-SIMBA
1 47941U 21022K   23300.80420395  .00011348  00000-0  61242-3 0  9996
2 47941  97.4805 195.5435 0016083 235.0194 124.9528 15.14797389143063
UNISAT-7
1 47945U 21022P   23300.64553019  .00008279  00000-0  46949-3 0  9998
2 47945  97.4792 195.4202 0014255 226.0324 133.9733 15.13140261142941
NANOSATC-BR2
1 47950U 21022U   23300.96788868  .00020132  00000-0  94231-3 0  9990
2 47950  97.4772 197.0602 0013858 226.8002 133.2076 15.19685442143200
CUBESX-SIRIUS-HSE
1 47951U 21022V   23300.98297918  .00016174  00000-0  82599-3 0  9999
2 47951  97.4805 196.3100 0015367 230.8184 129.1685 15.16674853143139
CUBESX-HSE
1 47952U 21022W   23301.01615811  .00015541  00000-0  79221-3 0  9996
2 47952  97.4800 196.4027 0015341 230.0589 129.9297 15.16748919143140
KSU-CUBESAT
1 47954U 21022Y   23300.97761493  .00018565  00000-0  91160-3 0  9995
2 47954  97.4812 196.9586 0014467 227.3193 132.6823 15.18032424142894
KMSL
1 47958U 21022AC  23301.00348664  .00011696  00000-0  64233-3 0  9994
2 47958  97.4762 195.0038 0016333 236.3974 123.5700 15.14162183141888
GRBALPHA
1 47959U 21022AD  23300.99534316  .00016405  00000-0  83394-3 0  9995
2 47959  97.4806 196.4880 0015161 230.5421 129.4472 15.16835758141966
ORBICRAFT-ZORKIY
1 47960U 21022AE  23301.01319895  .00016568  00000-0  81866-3 0  9996
2 47960  97.4840 197.1527 0014761 228.3302 131.6669 15.17833744142687
STECCO
1 47962U 21022AG  23300.97681615  .00036249  00000-0  13601-2 0  9993
2 47962  97.4812 200.9041 0009046 199.4875 160.6019 15.27093640142253
SMOG-1
1 47964U 21022AJ  23300.94111893  .00040232  00000-0  14525-2 0  9991
2 47964  97.4831 201.6897 0010905 195.7376 164.3526 15.28323232142296
BCCSAT-1
1 48041U 21022AK  23300.22183524  .00037606  00000-0  15105-2 0  9995
2 48041  97.4825 199.3387 0009195 200.8146 159.2719 15.24812404142056
FEES
1 48082U 21022AL  23300.99909168  .00100893  00000-0  22710-2 0  9993
2 48082  97.4793 204.8662 0007915 153.1888 206.9770 15.42888109142214
BEESAT-5
1 48083U 21022AM  23300.98251418  .00045999  00000-0  16373-2 0  9994
2 48083  97.4640 199.6304 0010711 207.1807 152.8874 15.28758253142314
BEESAT-6
1 48083U 21022AM  23300.98251418  .00045999  00000-0  16373-2 0  9994
2 48083  97.4640 199.6304 0010711 207.1807 152.8874 15.28758253142314
BEESAT-7
1 48084U 21022AN  23300.91410532  .00043715  00000-0  16307-2 0  9993
2 48084  97.4769 199.4139 0011073 211.4691 148.5887 15.27223323141861
BEESAT-8
1 48084U 21022AN  23300.91410532  .00043715  00000-0  16307-2 0  9993
2 48084  97.4769 199.4139 0011073 211.4691 148.5887 15.27223323141861
CSS
1 48274U 21035A   23300.65311590  .00019783  00000-0  23807-3 0  9995
2 48274  41.4683  69.3897 0004384 342.8713  17.1977 15.60344869142546
TUBIN
1 48900U 21059X   23301.00725399  .00014502  00000-0  62987-3 0  9999
2 48900  97.6177  75.8510 0008475 174.9137 185.2187 15.22383418129362
PAINANI-2
1 48942U 21059BR  23300.97089722  .00094718  00000-0  16463-2 0  9997
2 48942  97.6094  86.3576 0005908 161.1472 198.9999 15.50459505130022
QMR-KWT
1 48943U 21059BS  23300.90190314  .00033408  00000-0  10391-2 0  9994
2 48943  97.6122  80.2085 0005694 165.2566 194.8843 15.33233173129656
DHABISAT
1 49016U 21013F   23300.94855091  .00120667  00000-0  12983-2 0  9993
2 49016  51.5795 135.3384 0005661 180.7612 179.3373 15.62818084130420
IT-SPINS
1 49017U 21013G   23300.83014694  .00079582  00000-0  11182-2 0  9997
2 49017  51.5855 142.9564 0005113 144.9484 215.1844 15.55982303130254
LEDSAT
1 49069U 21073D   23300.64262888  .00013054  00000-0  65767-3 0  9990
2 49069  97.4700   9.4152 0022945  24.5459 335.6862 15.17070238120964
CUTE
1 49263U 21088D   23300.42829780  .00016493  00000-0  96867-3 0  9993
2 49263  97.5306   4.0894 0017364 164.6623 195.5137 15.11657073114249
TEIKYOSAT-4
1 49396U 21102B   23300.59107940  .00002343  00000-0  17872-3 0  9990
2 49396  97.4983 348.4208 0013607   2.2586 357.8698 15.02900918107652
NANODRAGON
1 49398U 21102D   23300.36622930  .00008414  00000-0  56235-3 0  9999
2 49398  97.4611 348.6476 0013682 333.3185  26.7337 15.07145498107771
Z-SAT
1 49399U 21102E   23301.03037434  .00005385  00000-0  37251-3 0  9995
2 49399  97.4681 350.0217 0020935 339.7331  20.3063 15.05925744107876
KOSEN-1
1 49402U 21102H   23300.86909810  .00006520  00000-0  42536-3 0  9990
2 49402  97.4619 350.6345 0019194 328.3570  31.6503 15.08053979107941
XW-3
1 50466U 21131B   23300.97549162  .00000865  00000-0  29385-3 0  9999
2 50466  98.5451  22.0754 0005325 102.6238 257.5545 14.39143275 96458
TEVEL-3
1 50988U 22002E   23300.97692423  .00038594  00000-0  12361-2 0  9990
2 50988  97.4185   7.5112 0007264 122.1780 238.0167 15.32251979 99045
TEVEL-8
1 50989U 22002F   23301.00195982  .00037693  00000-0  12105-2 0  9999
2 50989  97.4202   7.6096 0007203 121.8159 238.3785 15.32171127 99042
ION-SCV004
1 50993U 22002K   23300.92903716  .00005536  00000-0  29364-3 0  9993
2 50993  97.4237   2.0965 0009847 127.2105 233.0027 15.15717373 98653
TEVEL-5
1 50998U 22002Q   23300.96852388  .00039808  00000-0  12279-2 0  9995
2 50998  97.4179   8.0716 0008115 117.2172 242.9898 15.33441621 99086
TEVEL-6
1 50999U 22002R   23300.96734591  .00039441  00000-0  12171-2 0  9995
2 50999  97.4178   8.0615 0008116 117.1406 243.0664 15.33429741 99086
TEVEL-1
1 51013U 22002AF  23300.99141877  .00038394  00000-0  12323-2 0  9990
2 51013  97.4177   7.4438 0007161 122.2513 237.9423 15.32186068 99046
SATLLA-2B
1 51014U 22002AG  23300.47757865  .02097276  34511-2  33937-2 0  9990
2 51014  97.4122  17.5859 0007599 291.4218  68.6251 16.04285975 99575
GRIZU-263A
1 51025U 22002AT  23274.99579684  .17658806  25681-5  75564-3 0  9992
2 51025  97.4106 353.0016 0015477 275.5153  84.4382 16.41890159 95739
SANOSAT-1
1 51031U 22002AZ  23300.63834832  .00101839  00000-0  18873-2 0  9992
2 51031  97.4283  12.4916 0005264 115.5663 244.6132 15.48604600 99275
IRIS-A
1 51044U 22002BN  23300.91670462  .00016168  00000-0  69627-3 0  9998
2 51044  97.4205   4.5007 0008611 130.4109 229.7880 15.22642029 98830
TEVEL-7
1 51062U 22002CG  23301.00073681  .00037903  00000-0  12159-2 0  9996
2 51062  97.4197   7.5787 0007178 121.4810 238.7134 15.32206200 99048
TEVEL-4
1 51063U 22002CH  23300.94743901  .00037072  00000-0  11930-2 0  9991
2 51063  97.4194   7.4914 0007216 121.7228 238.4718 15.32109697 99032
DEWASAT-1
1 51067U 22002CM  23300.98950761  .00026117  00000-0  98107-3 0  9993
2 51067  97.4221   5.7686 0006839 142.0936 218.0786 15.27141618 98914
TEVEL-2
1 51069U 22002CP  23300.97812375  .00037656  00000-0  12059-2 0  9993
2 51069  97.4182   7.4803 0007214 122.3844 237.8097 15.32262359 99040
DELFI-PQ
1 51074U 22002CU  23300.64498794  .00142305  00000-0  20278-2 0  9998
2 51074  97.4417  16.0746 0005140 144.8405 215.3189 15.55813306 99432
HADES
1 51080U 22002DA  23300.41761408  .00056783  00000-0  15336-2 0  9998
2 51080  97.4471  12.0774 0009087 148.1233 212.0563 15.37519818 99145
EASAT-2
1 51081U 22002DB  23299.99425122  .00052628  00000-0  14076-2 0  9993
2 51081  97.4461  11.6540 0009143 149.2625 210.9157 15.37841090 99080
VZLUSAT-2
1 51085U 22002DF  23301.00755959  .00013106  00000-0  60262-3 0  9994
2 51085  97.4236   3.6516 0013077 145.3153 214.8938 15.20404518 98768
INSPIRESAT-1
1 51657U 22013B   23300.93488429  .00008163  00000-0  37649-3 0  9997
2 51657  97.5448 311.9730 0007987 266.4433  93.5888 15.20484972 94068
INS-2TD
1 51658U 22013C   23300.93031372  .00025177  00000-0  92685-3 0  9994
2 51658  97.5423 314.1665 0005934 257.6184 102.4390 15.27824680 94215
NOUR-2
1 51954U 22024A   23301.04376752  .00053107  00000-0  11408-2 0  9999
2 51954  58.2783 232.1413 0020699  69.7551 290.5742 15.44067081 91559
ORESAT0
1 52017U 22026K   23300.43648144  .00031180  00000-0  10372-2 0  9997
2 52017  97.5112 303.7500 0018291 346.3754  13.6991 15.30942179 89730
ALFACRUX
1 52160U 22033D   23300.45545304  .00076714  00000-0  14957-2 0  9995
2 52160  97.3460  23.0759 0005191  62.3770 297.8006 15.47239309 87697
ION-SCV005
1 52163U 22033G   23299.74784959  .00088969  00000-0  71046-3 0  9996
2 52163  97.3666  41.9150 0010630 354.1057   6.0079 15.70779381 88849
BDSAT
1 52175U 22033U   23300.47038904  .00079076  00000-0  13203-2 0  9993
2 52175  97.3456  25.0186 0006715  28.0279 332.1334 15.51650352 87822
PLANTSAT
1 52188U 22033AH  23300.98403421  .00080158  00000-0  13345-2 0  9993
2 52188  97.3464  25.3097 0002438  60.7922 299.3574 15.51747681 87849
SUCHAI-3
1 52191U 22033AL  23300.69241156  .00046415  00000-0  10944-2 0  9990
2 52191  97.3566  22.4896 0006868  30.4839 329.6806 15.41741233 87631
SUCHAI-2
1 52192U 22033AM  23300.48084650  .00028280  00000-0  77517-3 0  9992
2 52192  97.3349  20.5044 0007713  64.3509 295.8532 15.37230641 87580
TRSI-2
1 52419U 22047AB  23300.48673233  .00040226  00000-0  13731-2 0  9991
2 52419  97.4134  22.5187 0006253 241.7555 118.3055 15.30192212 83821
TRSI-3
1 52420U 22047AC  23300.45360752  .00056819  00000-0  17017-2 0  9995
2 52420  97.4126  23.4468 0005990 241.4837 118.5803 15.34302697 83886
PLANETUM-1
1 52738U 22057G   23300.85462042  .00023955  00000-0  95416-3 0  9992
2 52738  97.5504  57.2653 0006009 244.5405 115.5211 15.25214821 78848
FORESAIL-1
1 52765U 22057AK  23300.95007958  .00020075  00000-0  83054-3 0  9999
2 52765  97.5614  58.4368 0010221 220.0335 140.0150 15.23944330 78880
STEP-CUBELAB-II
1 52897U 22065D   23300.99988754  .00001480  00000-0  32143-3 0  9992
2 52897  98.0896  82.2431 0009543 152.9190 207.2510 14.59476208 70809
RANDEV
1 52898U 22065E   23300.97081859  .00001598  00000-0  34528-3 0  9990
2 52898  98.0893  82.2722 0008786 154.6507 205.5126 14.59604470 70526
SNUGLITE-II
1 52899U 22065F   23300.87748506  .00001783  00000-0  38288-3 0  9992
2 52899  98.0888  82.2146 0008298 154.9581 205.2023 14.59762088 70213
MIMAN
1 52900U 22065G   23300.93856529  .00001077  00000-0  23862-3 0  9995
2 52900  98.0909  82.0474 0008388 148.7194 211.4506 14.59064687 69834
CTIM
1 52950U 22074G   23300.50843625  .00266160  00000-0  21308-2 0  9994
2 52950  44.9978 329.4774 0014018  44.8561 315.3469 15.69404354 74162
GREENCUBE
1 53106U 22080B   23297.23570311 -.00000003  00000-0  00000-0 0  9996
2 53106  70.1394 274.8642 0008335 161.2568 198.8399  6.42557213 30041
ASTROBIO
1 53107U 22080C   22364.14200119 -.00000003  00000-0  00000-0 0  9997
2 53107  70.1674  18.5562 0013489 216.1674 143.8074  6.42110599 10793
TRISAT-R
1 53108U          23204.45206019  .00000000  00000-0  00000-0 0    08
2 53108  70.1723 310.2350 0013151 178.6255 304.3022  6.42152414    01
MTCUBE-2
1 53109U 22080E   23300.32903614 -.00000003  00000-0  00000-0 0  9990
2 53109  70.1242 273.4567 0008216 141.8616 218.2626  6.42584206 30135
CELESTA
1 53111U 22080G   22358.06330769 -.00000004  00000-0  00000-0 0  9992
2 53111  69.2773  19.5555 0366666 271.5023  84.3670  6.43213138 10381
POLYTECH-UNIVERSE-2
1 53371U 22096B   23300.98071578  .00027528  00000-0  72899-3 0  9993
2 53371  97.4031 206.9019 0003719  78.7526 281.4137 15.38327302 68012
POLYTECH-UNIVERSE-1
1 53372U 22096C   23300.98310630  .00027112  00000-0  73113-3 0  9998
2 53372  97.4027 206.7276 0003638  77.9410 282.2242 15.37769632 67980
CYCLOPS
1 53373U 22096D   23300.97130878  .00084962  00000-0  13883-2 0  9995
2 53373  97.3998 209.7332 0005037  89.9359 270.2470 15.52242951 68183
MONITOR-1
1 53374U 22096E   23300.99162385  .00073659  00000-0  12949-2 0  9999
2 53374  97.3951 209.3063 0005193  82.6019 277.5822 15.50224958 68160
KUZBASS-300
1 53375U 22096F   23301.01206511  .00049078  00000-0  10324-2 0  9997
2 53375  97.4006 208.4725 0004364  77.9023 282.2715 15.45143864 68107
UTMN
1 53376U 22096G   23300.97087267  .00057632  00000-0  11597-2 0  9995
2 53376  97.3998 208.6641 0004498  82.9278 277.2483 15.46405414 68112
MIET-AIS
1 53377U 22096H   23301.02583216  .00047676  00000-0  10468-2 0  9991
2 53377  97.4019 208.3269 0004064  76.5943 283.5758 15.43884385 68095
KAI-1
1 53378U 22096J   23300.97109822  .00037665  00000-0  90501-3 0  9996
2 53378  97.4040 207.6831 0003749  73.5923 286.5736 15.41234575 68043
SKOLTECH-B1
1 53379U 22096K   23300.97117345  .00029385  00000-0  75687-3 0  9994
2 53379  97.4024 207.3411 0001920  20.8678 339.2645 15.39172751 68025
SKOLTECH-B2
1 53380U 22096L   23301.01313414  .00029960  00000-0  76625-3 0  9999
2 53380  97.4020 207.4276 0002336  26.2594 333.8770 15.39384587 68034
ISOI
1 53381U 22096M   23301.02334776  .00047031  00000-0  99612-3 0  9995
2 53381  97.4015 208.7543 0002098  46.0088 314.1333 15.44959483 68129
RESHUCUBE
1 53382U 22096N   23301.02449198  .00040826  00000-0  94080-3 0  9990
2 53382  97.4026 208.1944 0002142  32.5354 327.6025 15.42481511 68089
CUBESX-HSE-2
1 53383U 22096P   23300.99227861  .00053081  00000-0  10686-2 0  9993
2 53383  97.4001 208.9555 0002266  49.6916 310.4531 15.46420696 68138
SIREN
1 53384U 22096Q   23301.01192290  .00042426  00000-0  94923-3 0  9993
2 53384  97.4023 208.3601 0001926  36.3691 323.7688 15.43356854 68090
GEOSCAN
1 53385U 22096R   23300.97705407  .00094032  00000-0  13977-2 0  9997
2 53385  97.3982 210.5976 0002041  90.3418 269.8069 15.54843988 68274
VIZARD
1 53386U 22096S   23301.03762552  .00191465  00000-0  17082-2 0  9999
2 53386  97.3952 212.6637 0004639  97.5080 262.6708 15.67819272 68407
BLUEWALKER3
1 53807U 22111AL  23300.90265282  .00007186  00000-0  31968-3 0  9994
2 53807  53.2213 185.5318 0013454 100.8786 259.3727 15.22481999 62653
SELFIESAT
1 53951U 22057BC  23300.88329901  .00033695  00000-0  12138-2 0  9990
2 53951  97.5543  58.4821 0007805 238.0088 122.0393 15.28464437 78903
SKIF-D
1 54153U 22139D   23300.13909379  .00000029  00000-0  00000+0 0  9994
2 54153  89.9979  96.7918 0008218 111.7866 248.3433  5.00428590 15871
THYBOLT-1
1 54363U 22158C   23300.97967009  .00049810  00000-0  13160-2 0  9999
2 54363  97.4444  40.3913 0007618 160.3986 199.7553 15.38246646 51224
THYBOLT-2
1 54364U 22158D   23301.00096134  .00050906  00000-0  13576-2 0  9996
2 54364  97.4446  40.3637 0007528 160.4933 199.6601 15.37953139 51227
INS-2B
1 54365U 22158E   23301.03863314  .00046146  00000-0  12685-2 0  9993
2 54365  97.4411  40.1256 0008265 168.8620 191.2809 15.37031713 51222
CAS-5A
1 54684U 22167C   23301.03140316  .00019044  00000-0  93434-3 0  9996
2 54684  97.5795  78.1843 0012080 235.6203 124.3888 15.18085818 48803
STAR-VIBE
1 55009U 23001A   23300.99938535  .00007556  00000-0  40070-3 0  9991
2 55009  97.4612 357.7715 0008095 288.5075  71.5277 15.15620835 45141
TAUSAT-2
1 55073U 23001BS  23300.88830562  .00017507  00000-0  77068-3 0  9995
2 55073  97.4634 359.5119 0013524 244.7457 115.2378 15.21828467 45242
BDSAT-2
1 55098U 23001CT  23300.61612145  .00018791  00000-0  81976-3 0  9997
2 55098  97.4668 359.4024 0013121 259.4118 100.5640 15.22126791 45207
KUWAITSAT-1
1 55103U 23001CY  23300.41391019  .00009056  00000-0  45082-3 0  9998
2 55103  97.4655 358.2390 0014217 262.6810  97.2808 15.17735402 45112
SHARJAHSAT-1
1 55104U 23001CZ  23300.96630789  .00009478  00000-0  49453-3 0  9993
2 55104  97.4634 357.8918 0009861 289.7092  70.3077 15.16113051 45144
SPORT
1 55129U 98067UW  23281.94960164  .04985629  12232-4  76817-3 0  9996
2 55129  51.6113  85.1824 0009396 288.4088  71.5914 16.33130914 44561
EOS-7
1 55562U 23019A   23301.01920457  .00041275  00000-0  83635-3 0  9992
2 55562  37.1822 273.9027 0001253 321.4384  38.6287 15.45456198 40178
AZAADISAT-2
1 55563U 23019B   23301.00752060  .00261797  00000-0  12589-2 0  9997
2 55563  37.1728 244.9104 0007286 198.9199 161.1303 15.80959193 40488
KILICSAT
1 56181U 23054D   23300.97583273  .00019807  00000-0  75441-3 0  9996
2 56181  97.3857 194.1171 0006367 297.7807  62.2786 15.26742776 30403
SSS-2B
1 56184U 23054G   23300.95273585  .00021604  00000-0  81388-3 0  9994
2 56184  97.3921 194.3097 0007440 296.9369  63.1109 15.27081158 30404
CIRBE
1 56188U 23054L   23300.65738237  .00031643  00000-0  11272-2 0  9993
2 56188  97.3877 194.1243 0005928 288.8666  71.1931 15.28855058 30375
INSPIRESAT-7
1 56211U 23054AK  23300.95775185  .00031395  00000-0  10480-2 0  9990
2 56211  97.3894 195.0009 0009568 262.2915  97.7239 15.30945606 30454
ROSEYCUBESAT-1
1 56212U 23054AL  23300.98036954  .00033733  00000-0  11023-2 0  9990
2 56212  97.3904 195.1387 0009640 261.3375  98.6775 15.31618197 30467
IRIS-C
1 56221U 23054AV  23300.27754908  .00030981  00000-0  11195-2 0  9990
2 56221  97.3851 193.6578 0008635 265.3755  94.6498 15.28372121 30303
DISCO-1
1 56222U 23054AW  23300.66570295  .00021020  00000-0  79237-3 0  9995
2 56222  97.3836 193.8741 0009722 272.6374  87.3752 15.27048121 30353
ROM-2
1 56230U 23084BP  23300.99668818  .00072210  00000-0  29548-2 0  9998
2 56230  97.5192  56.3033 0010277 124.7661 235.4545 15.23991786 20781
ARKSAT-1
1 56311U 98067VC  23300.90021611  .01983684  40970-2  14434-2 0  9993
2 56311  51.6192   7.9671 0010066 357.0160   3.0795 16.15951964 29234
AURORASAT
1 56312U 98067VD  23282.89304496  .12991929  12502-4  61553-3 0  9996
2 56312  51.6111  98.4271 0008089 283.5840  76.4286 16.42584726 26455
EXALTA-2
1 56313U 98067VE  23300.59547300  .05471661  12175-4  12485-2 0  9991
2 56313  51.6099   8.8670 0007777 343.5856  16.4912 16.29176133 29217
LIGHTCUBE
1 56314U 98067VF  23286.66134714  .15861970  12634-4  34865-3 0  9998
2 56314  51.6090  79.3320 0007945 299.7528  60.2710 16.46089918 27066
NEUDOSE
1 56315U 98067VG  23300.63435370  .00267648  00000-0  12244-2 0  9997
2 56315  51.6283  16.7991 0006205 335.4805  24.5902 15.82404113 29092
YUKONSAT
1 56316U 98067VH  23300.90418215  .00509065  11435-3  13705-2 0  9999
2 56316  51.6275  11.8064 0008486 350.8272   9.2579 15.93726745 29206
SNIPE-4
1 56744U 23072B   23301.02714894  .00008709  00000-0  54880-3 0  9996
2 56744  97.5475 125.6458 0009365 121.1010 239.1139 15.09351069 23456
SNIPE-2
1 56745U 23072C   23301.01268829  .00009630  00000-0  60316-3 0  9993
2 56745  97.5490 125.6832 0009225 125.0400 235.1696 15.09543037 23453
SNIPE-3
1 56746U 23072D   23300.98364402  .00010788  00000-0  66618-3 0  9990
2 56746  97.5497 125.7222 0009531 127.1820 233.0281 15.10027728 23457
SNIPE-1
1 56749U 23072G   23301.02605953  .00008930  00000-0  55078-3 0  9992
2 56749  97.5297 125.4248 0010684 132.7475 227.4655 15.10113138 23466
OTTER-PUP
1 56933U 23084B   23300.86722994  .00013246  00000-0  67681-3 0  9995
2 56933  97.5218  55.5215 0009615  88.1342 272.0992 15.16767029 20726
ION-SCV011
1 56957U 23084AB  23301.03093444  .00000960  00000-0  14974-3 0  9998
2 56957  98.0379  57.0600 0071364 331.8993  27.8371 14.73596837 20402
TOMORROW-R2
1 56959U 23084AD  23300.87697028  .00010075  00000-0  53826-3 0  9996
2 56959  97.5249  55.7430 0014446 105.0320 255.2512 15.15210351 20734
SPEISAT
1 56991U 23084BT  23300.90500418  .00017998  00000-0  89844-3 0  9992
2 56991  97.5210  55.9418 0012528  91.0274 269.2395 15.17486524 20752
URESAT-1
1 56992U 23084BU  23300.54119493  .00021834  00000-0  11417-2 0  9996
2 56992  97.5174  55.1532 0017275 120.9299 239.3634 15.15749088 20663
MRC-100
1 56993U 23084BV  23300.27040800  .00027914  00000-0  14458-2 0  9995
2 56993  97.5185  54.9120 0017072 122.3069 237.9820 15.16035276 20638
METEOR-M2-3
1 57166U 23091A   23301.02759185  .00000044  00000-0  38615-4 0  9991
2 57166  98.7492 352.3777 0005094  87.6666 272.5095 14.23850731 17447
UMKA-1
1 57172U 23091G   23300.90884892  .00005640  00000-0  40590-3 0  9999
2 57172  97.6479 350.4008 0017567 191.3792 168.7039 15.04495574 18382
CUBEBEL-2
1 57175U 23091K   23301.01551723  .00007916  00000-0  57212-3 0  9996
2 57175  97.6497 350.4055 0015913 202.5482 157.5047 15.04223402 18396
STRATOSAT-TK1
1 57177U 23091M   23301.05065973  .00005709  00000-0  41110-3 0  9997
2 57177  97.6504 350.5528 0018547 185.8827 174.2184 15.04452969 18407
CUBESX-HSE-3
1 57178U 23091N   23301.04409516  .00007508  00000-0  53559-3 0  9991
2 57178  97.6516 350.5903 0018637 185.7571 174.3444 15.04694101 18409
MONITOR-3
1 57180U 23091Q   23301.05076332  .00006758  00000-0  48438-3 0  9997
2 57180  97.6517 350.5727 0018852 185.1243 174.9793 15.04554924 18407
MONITOR-4
1 57182U 23091S   23301.05150322  .00006671  00000-0  47824-3 0  9993
2 57182  97.6512 350.5635 0018867 185.7182 174.3831 15.04547917 18407
MONITOR-2
1 57184U 23091U   23301.05797981  .00004553  00000-0  32418-3 0  9993
2 57184  97.6526 350.7127 0014989 177.4246 182.7060 15.05034540 18414
CSTP-1.2
1 57186U 23091W   23301.01569030  .00005929  00000-0  41201-3 0  9991
2 57186  97.6516 350.7591 0014534 171.1335 189.0151 15.05825856 18415
SVYATOBOR-1
1 57187U 23091X   23301.03241207  .00007735  00000-0  53999-3 0  9991
2 57187  97.6518 350.7466 0014704 178.1656 181.9627 15.05547506 18413
HORS-1
1 57188U 23091Y   23301.02908012  .00007695  00000-0  53670-3 0  9996
2 57188  97.6502 350.7306 0014357 180.1941 179.9283 15.05587149 18416
VIZARD-METEO
1 57189U 23091Z   23300.99928525  .00007950  00000-0  54662-3 0  9999
2 57189  97.6524 350.7788 0013849 173.8696 186.2703 15.06118587 18411
NANOZOND-1
1 57190U 23091AA  23301.03465877  .00012255  00000-0  82443-3 0  9995
2 57190  97.6487 350.8404 0012323 181.6024 178.5166 15.06819477 18429
POLYTECH-UNIVERSE-3
1 57191U 23091AB  23301.04212000  .00004935  00000-0  35212-3 0  9993
2 57191  97.6477 350.5301 0020252 198.0223 162.0287 15.04837861 18400
AVION-KALUGA-650
1 57195U 23091AF  23301.03493386  .00005845  00000-0  41178-3 0  9993
2 57195  97.6526 350.7683 0014118 180.9349 179.1854 15.05323743 18417
HORS-2
1 57197U 23091AH  23301.01131976  .00008999  00000-0  62033-3 0  9993
2 57197  97.6509 350.7342 0013724 180.8911 179.2294 15.05985293 18411
YARILO-3
1 57198U 23091AJ  23301.03428051  .00016995  00000-0  11258-2 0  9996
2 57198  97.6543 350.9436 0013369 181.4398 178.6794 15.07303379 18427
CSTP-1.1
1 57202U 23091AN  23300.97523004  .00005119  00000-0  36671-3 0  9991
2 57202  97.6541 350.6823 0012846 177.3204 182.8093 15.04766126 18404
UTMN-2
1 57203U 23091AP  23301.00819729  .00007624  00000-0  52672-3 0  9991
2 57203  97.6524 350.7663 0014125 174.5834 185.5548 15.05950625 18415
ARCCUBE-1
1 57205U 23091AR  23301.03238758  .00013626  00000-0  91225-3 0  9999
2 57205  97.6472 350.8170 0012613 183.6773 176.4364 15.06970555 18427
KUZGTU-1
1 57217U 23091AV  23301.10829475  .00007027  00000-0  50168-3 0  9991
2 57217  97.6490 350.6200 0018503 187.0613 173.0356 15.04690339 18417
SC-ODIN
1 57312U 98067VQ  23300.93983297  .00135136  00000-0  12033-2 0  9996
2 57312  51.6371  24.9249 0007881 333.0195  27.0390 15.67497761 17698
RADSAT-SK
1 57313U 98067VR  23300.86384112  .00103568  00000-0  10262-2 0  9996
2 57313  51.6372  25.9183 0006118 340.4350  19.6410 15.64980093 17686
UKPIK-1
1 57314U 98067VS  23300.59296054  .00661508  18319-3  20944-2 0  9990
2 57314  51.6263  21.7732 0013050 351.2645   8.8132 15.90518626 17702
IRIS
1 57315U 98067VT  23300.61096486  .00136428  00000-0  12047-2 0  9999
2 57315  51.6358  26.4707 0007861 328.7028  31.3499 15.67698570 17651
ESSENCE
1 57316U 98067VU  23300.79862495  .00044751  00000-0  47165-3 0  9997
2 57316  51.6372  25.4793 0003998 289.5019  70.5544 15.63786353 17674
MOONLIGHTER
1 57317U 98067VV  23300.79851424  .00272417  00000-0  15827-2 0  9999
2 57317  51.6382  23.2354 0010530 338.6342  21.4218 15.77093392 17706
MAYA-6
1 57419U 98067VW  23300.94323877  .00216344  00000-0  15267-2 0  9990
2 57419  51.6329  24.1729 0007222 327.5311  32.5242 15.72821884 15712
MAYA-5
1 57420U 98067VX  23300.50814378  .00226356  00000-0  16547-2 0  9991
2 57420  51.6326  26.5124 0006853 322.5443  37.5077 15.71962653 15648
VELOX-M
1 57482U 23109B   23300.74295037  .00012697  00000-0  63120-3 0  9996
2 57482   5.0074 320.1630 0012800 276.6280  83.2372 15.13736206 13600
GALASSIA-2
1 57486U 23109F   23294.88823705  .00015496  00000-0  81652-3 0  9996
2 57486   5.0070   5.7488 0005653 190.4766 169.5224 15.12264291 12700
NOUR-3
1 57962U 23150A   23300.99856592  .00039486  00000-0  94087-3 0  9992
2 57962  60.0139 235.1049 0010399 326.1258  33.9165 15.41287167  4703
ANSWER-FOLLOWER-1
1 58018U 23155C   23301.02804297  .00005037  00000-0  42138-3 0  9995
2 58018  97.6720   9.5398 0004650 285.3501  74.7208 14.98911762  2837
ANSWER-FOLLOWER-2
1 58019U 23155D   23301.02757231  .00005511  00000-0  45995-3 0  9992
2 58019  97.6721   9.5404 0004523 285.9130  74.1594 14.98956894  2837
CSC-2
1 58021U 23155F   23301.02349724  .00004235  00000-0  35208-3 0  9997
2 58021  97.6736   9.5481 0001730 321.6099  38.5000 14.99245651  2839
CSC-1
1 58022U 23155G   23301.02310879  .00004625  00000-0  38362-3 0  9994
2 58022  97.6728   9.5462 0001729 321.6984  38.4116 14.99288071  2831
PRETTY
1 58023U 23155H   23301.01534400  .00009660  00000-0  78116-3 0  9997
2 58023  97.6730   9.5564 0000779 157.0785 203.0473 14.99986423  2834
MACSAT
1 58024U 23155J   23301.01408788  .00009334  00000-0  75323-3 0  9992
2 58024  97.6729   9.5578 0001234 134.9872 225.1452 15.00076247  2835
